

----------Evaluation START----------
### Evaluating AM model: am_1k ### 
BLEU scores with N-gram (n) = 1: 	0.1176	0.2222	0.1538	0.1429	0.2308	0.2000	0.1538	0.2500	0.2500	0.2000	0.1538	0.1429	0.4444	0.1111	0.1979	0.3067	0.2000	0.1498	0.1667	0.1810	0.2500	0.2727	0.1429	0.2353	0.2500
BLEU scores with N-gram (n) = 2: 	0.0000	0.0000	0.0000	0.0000	0.0000	0.0000	0.0000	0.0000	0.0000	0.0000	0.0000	0.0000	0.0000	0.0000	0.0000	0.0000	0.0000	0.0000	0.0000	0.0000	0.0000	0.0000	0.0000	0.0000	0.0000
BLEU scores with N-gram (n) = 3: 	0.0000	0.0000	0.0000	0.0000	0.0000	0.0000	0.0000	0.0000	0.0000	0.0000	0.0000	0.0000	0.0000	0.0000	0.0000	0.0000	0.0000	0.0000	0.0000	0.0000	0.0000	0.0000	0.0000	0.0000	0.0000


----------Evaluation END----------
